vector<-c(first_element,new_vec,last_element)
vector
[1]   3.000000   3.750000   4.500000   5.250000   6.000000   2.000000  -5.100000
[8] -33.000000   2.000000  -5.100000 -33.000000   2.166667
